docno,text
1907862304290476521,"@largacty1 @RhetoricalHype But as far as the adults in Gaza, the majority of them endorse Hamas, voted for Hamas, and they celebrate when Hamas kills innocent Jews, so they're not so innocent. The truly innocent people are the children and  like I said far too many have been killed and it's horrific!"
1907861966615621645,"@StopAntisemites ISRAEL BOMBED A SCHOOL IN GAZA AGAIN!

100 children and babies died!

100 children and babies were killed!
Israel is beheading babies and you are still going to stay silent!
GENOCIDE is being committed with your money!
Rise up!
#GazaGenocide https://t.co/28kaRfqtvu"
1907861892552687663,"@BBCWorld ISRAEL BOMBED A SCHOOL IN GAZA AGAIN!

100 children and babies died!

100 children and babies were killed!
Israel is beheading babies and you are still going to stay silent!
GENOCIDE is being committed with your money!
Rise up!
#GazaGenocide https://t.co/riOfVlNRZ6"
1907861802538414584,"@BBCBreaking ISRAEL BOMBED A SCHOOL IN GAZA AGAIN!

100 children and babies died!

100 children and babies were killed!
Israel is beheading babies and you are still going to stay silent!
GENOCIDE is being committed with your money!
Rise up!
#GazaGenocide https://t.co/y5GdQZNJKH"
1907861695151878498,"@MargoMartin47 ISRAEL BOMBED A SCHOOL IN GAZA AGAIN!

100 children and babies died!

100 children and babies were killed!
Israel is beheading babies and you are still going to stay silent!
GENOCIDE is being committed with your money!
Rise up!
#GazaGenocide https://t.co/0l7KiaumDc"
1907861673764876663,"@largacty1 @RhetoricalHype Yes, absolutely. Children are inherently innocent. It's absolutely horrific and sickening how many innocent children have been killed in Gaza! But that lies at the feet of Hamas. Call upon Hamas to immediately surrender release the rest of the hostages and the war will end"
1907861452918329546,@RhetoricalHype @largacty1 The adults in Gaza openly and happily support Hamas so they're not so innocent. I do feel very badly for the children though. Children are innocent and it's horrific that so many have been killed! If you want to save them then call upon Hamas to immediately surrender
1907860851777843293,"@BBCBreaking ISRAEL BOMBED A SCHOOL IN GAZA AGAIN!

100 children and babies died!

100 children and babies were killed!
Israel is beheading babies and you are still going to stay silent!
GENOCIDE is being committed with your money!
Rise up!
#GazaGenocide https://t.co/c8Jj1xKWGc"
1907860747700564034,#BREAKING_NEWS  The Israeli air strikes on Gaza killed 92 Palestinian civilians including many children this morning. #Genocide continues in #Gaza. #GazaGenocide https://t.co/E3eBtkA4SD
1907860738355462236,"@FT ISRAEL BOMBED A SCHOOL IN GAZA AGAIN!

100 children and babies died!

100 children and babies were killed!
Israel is beheading babies and you are still going to stay silent!
GENOCIDE is being committed with your money!
Rise up!
#GazaGenocide https://t.co/HQxCbJJ9lX"
1907860617052209382,"@RepMaryMiller ISRAEL BOMBED A SCHOOL IN GAZA AGAIN!

100 children and babies died!

100 children and babies were killed!
Israel is beheading babies and you are still going to stay silent!
GENOCIDE is being committed with your money!
Rise up!
#GazaGenocide https://t.co/0iFkHcxvcx"
1907860505089167754,"@BBCBreaking ISRAEL BOMBED A SCHOOL IN GAZA AGAIN!

100 children and babies died!

100 children and babies were killed!
Israel is beheading babies and you are still going to stay silent!
GENOCIDE is being committed with your money!
Rise up!
#GazaGenocide https://t.co/2oIyAHEqiE"
1907860500815172033,"31 children &amp; women killed by the israelis, 6 children missing: tens injured: the pilots who bombed Dar Al-Arqam School in Gaza should be strung up https://t.co/h9fDoVeeYS"
1907860410272985334,"@nypost ISRAEL BOMBED A SCHOOL IN GAZA AGAIN!

100 children and babies died!

100 children and babies were killed!
Israel is beheading babies and you are still going to stay silent!
GENOCIDE is being committed with your money!
Rise up!
#GazaGenocide https://t.co/8Owrxfw3h7"
1907860362847818189,"@democracynow Israeli Terrorists killed over a 100 Palestinian civilians including dozens of women and Children in #Gaza today….

It is an open Genocide while the world watches &amp; Western media and politicians actively participate in it

#Gaza #Palestine https://t.co/qlr8EpK06p"
1907860182438138024,"@Quasar933 @Betar_USA @realDonaldTrump Based on recent data, the Israeli military (IDF) has likely killed the most children in conflicts over the past few years, with reports estimating 13,000–15,613 deaths in Gaza by March 2025, per UN and media sources. This exceeds figures from other militaries, like Russia in"
1907858925933797540,"Stop Massacre in #gaza. Over sixteen thousand children have been killed.  How many more is to be killed to say ""ENOUGH -STOP""? 
#NoFlourinGaza"
1907858409069883516,"More than 39,000 Palestinian children in Gaza have had one or both parents killed since the start of Israel’s genocidal war, says the Palestinian Central Bureau of Statistics on the eve of Palestinian Children’s Day.
Source:Aljazeera https://t.co/DDE1cn7nyJ"
1907857908517286266,"@Quasar933 @SenSanders Based on UN and UNICEF reports, the Israeli military likely killed the most children in recent years, with at least 14,500 deaths in Gaza in 2024. This far exceeds other conflicts like Ukraine (659 by Russia) or Syria (242). Numbers vary due to verification challenges, but Gaza"
1907857482023575866,"Twenty-seven Palestinians seeking shelter in a school were killed in a Israeli strike, according to Gaza's Health Ministry. https://t.co/18wMk05lRm"
1907857449794818050,@SuppressedNws Children of Gaza killed by the Israeli bombing massacres on Gaza. Can these pictures move people's hearts? https://t.co/IHsDiotios https://t.co/anyckQ3tor
1907856870401835434,"@EYakoby There was only love ❤️ 

See on Instagram and X  how Israeli satanic people killed over 50,000 Palestinians and 20,000 newborn babies 👶 and children 🧒 in Gaza. 

Destroyed the entire city, all the mosques 🕌 as many as 800 mosques 🕌, hospitals 🏥,  animals, schools, https://t.co/2c5wjxKXXH"
1907856502120952214,"@SenSanders You’re all war criminals. 
70% of the people killed in Gaza are woman &amp; children! 
Now you will vote to send our brothers to fight Israel’s war.  God forbid we get attacked"
1907856485029208335,"27 Palestinians, mostly women and children, sheltering in school killed in Israeli strike https://t.co/cNdHsYTS8T"
1907856469212672517,"@BabyGoat_00 @jacksonhinklle 70% killed in Gaza are women and children.
Less than 0.1% in Ukraine.
IsraeI targets civilians. 
Russia targets the military.
Period.
Your ""HuMaN sHiELdS"" argument is utter BS."
1907856198847631660,"@Quasar933 @SenSanders Research suggests the Israeli military has likely killed the most children in recent years, with 13,000–14,500 deaths in Gaza in 2024 per UN reports, far exceeding other conflicts like Ukraine, where child casualties rose 40%–57% in 2024. Exact figures are debated due to"
1907855820080976325,"@BabyGoat_00 @jacksonhinklle The Kiev regime killed nearly 10 000 Russian speakers in Donbas.  Did Russia target civilians as a retaliation ? 
No. They are not genocidal maniacs. +95% of victims in Ukraine are military. +95% of victims in Gaza are civilians.
70% women and children."
1907855600102551716,"@EdyCohen In this world, we support the killers of children and women, the thieves of the land. The people of Gaza are being killed and exterminated, and America supports the massacres. I speak to you in the name of humanity, for the sake of everything that is sacred. Stop killing"
1907855551448350740,"‼️URGENT Civil Defense:‼️

🔴6 Palestinians are missing and 31 children have been killed and have no bodies after israeli warplanes bombed the shelter of Dar Al-Arqam School in the Al-Tuffah neighborhood east of Gaza City. They are: Sajida Fayez Al-Kafarneh, nine months pregnant,"
1907855408703688823,"@EdyCohen In this world, we support the killers of children and women, the thieves of the land. The people of Gaza are being killed and exterminated, and America supports the massacres. I speak to you in the name of humanity, for the sake of everything that is sacred. Stop killing"
1907855361685520788,"Gaza's civil defence agency said at least 31 people, including children, were killed in an Israeli strike Thursday on a school serving as a shelter for Palestinians displaced by the war."
1907855184006447174,"@LukaUpdates In this world, we support the killers of children and women, the thieves of the land. The people of Gaza are being killed and exterminated, and America supports the massacres. I speak to you in the name of humanity, for the sake of everything that is sacred. Stop killing"
1907855045309223406,"@AvichayAdraee In this world, we support the killers of children and women, the thieves of the land. The people of Gaza are being killed and exterminated, and America supports the massacres. I speak to you in the name of humanity, for the sake of everything that is sacred. Stop killing"
1907854878061351122,"Twenty-seven Palestinians seeking shelters in a school were killed in a Israeli strike, according to Gaza's Health Ministry.
https://t.co/xQv7TboEGT"
1907854152597647727,"@BabyGoat_00 @jacksonhinklle They didn't use children as shields in Gaza. That's ziobot propaganda. 
They were killed in their home or school ! The genocidal maniacs carpet-bombed Gaza indiscriminately. 
Russians could have carpet-bombed Kiev, but they target military. IsraeI targets civilians."
1907853372562018491,"WATCH: Dar al-Arqan School in Gaza City was sheltering hundreds of displaced Palestinians, many of them newly displaced. 29 were killed after Israeli forces bombed without warning, including more than 10 children. Al Jazeera reported horrific deaths from severe bleeding and https://t.co/ebmhP6NIy4"
1907853244564717991,"WATCH: Dar al-Arqan School in Gaza City was sheltering hundreds of displaced Palestinians, many of them newly displaced. 29 were killed after Israeli forces bombed without warning, including more than 10 children. Al Jazeera reported horrific deaths from severe bleeding and https://t.co/ebmhP6OgnC"
1907853216974549184,Bipartisan support for Israel has killed over 300 children in Gaza in the last 3 days. https://t.co/GoRgVty3ki
1907853202071908747,"3-7
Till today, more than 60,000 Palestinian civilians have been killed, including approximately 20,000 children. Approximately 160,000 have been wounded, and 80% of Gaza's residential neighborhoods, hospitals, and schools have been destroyed by this US-Israeli terrorist alliance https://t.co/MuRjSAyu7E"
1907853188180451537,"Reports today say an Israeli airstrike on a school in #Gaza that was sheltering families has killed 27 people, including women and children, as rescuers search for any survivors."
1907853057846612400,"@NBA In this world, we support the killers of children and women, the thieves of the land. The people of Gaza are being killed and exterminated, and America supports the massacres. I speak to you in the name of humanity, for the sake of everything that is sacred. Stop killing"
1907852955400720881,"@NBA In this world, we support the killers of children and women, the thieves of the land. The people of Gaza are being killed and exterminated, and America supports the massacres. I speak to you in the name of humanity, for the sake of everything that is sacred. Stop killing"
1907852861133766870,"@CassidyHubbarth In this world, we support the killers of children and women, the thieves of the land. The people of Gaza are being killed and exterminated, and America supports the massacres. I speak to you in the name of humanity, for the sake of everything that is sacred. Stop killing"
1907852724684652867,"@jtimberlake In this world, we support the killers of children and women, the thieves of the land. The people of Gaza are being killed and exterminated, and America supports the massacres. I speak to you in the name of humanity, for the sake of everything that is sacred. Stop killing"
1907852620435468697,"@ReeseW @TKJaayy In this world, we support the killers of children and women, the thieves of the land. The people of Gaza are being killed and exterminated, and America supports the massacres. I speak to you in the name of humanity, for the sake of everything that is sacred. Stop killing"
1907852511350034797,"@joshhart In this world, we support the killers of children and women, the thieves of the land. The people of Gaza are being killed and exterminated, and America supports the massacres. I speak to you in the name of humanity, for the sake of everything that is sacred. Stop killing"
1907852384941871411,"@halleberry In this world, we support the killers of children and women, the thieves of the land. The people of Gaza are being killed and exterminated, and America supports the massacres. I speak to you in the name of humanity, for the sake of everything that is sacred. Stop killing"
1907852313068278039,"@jessicaalba In this world, we support the killers of children and women, the thieves of the land. The people of Gaza are being killed and exterminated, and America supports the massacres. I speak to you in the name of humanity, for the sake of everything that is sacred. Stop killing"
1907852203286503640,"@LaurenLondon @PUMA @FinishLine @Shiekh @dtlrofficial In this world, we support the killers of children and women, the thieves of the land. The people of Gaza are being killed and exterminated, and America supports the massacres. I speak to you in the name of humanity, for the sake of everything that is sacred. Stop killing"
1907852038723002663,"@mamashchamuda @MaxNordau I have never seen a people as bloodthirsty as the Israelis. 
Since October 2023, at least 50,021 Palestinians have been killed in Gaza, according to the Ministry of Health. Among them 14,770 were children…is this fake ? Source : unicef and reuters 
Israel is a criminal state"
1907851886075457740,"@carmeloanthony In this world, we support the killers of children and women, the thieves of the land. The people of Gaza are being killed and exterminated, and America supports the massacres. I speak to you in the name of humanity, for the sake of everything that is sacred. Stop killing"
1907851791158358203,"@JHarden13 In this world, we support the killers of children and women, the thieves of the land. The people of Gaza are being killed and exterminated, and America supports the massacres. I speak to you in the name of humanity, for the sake of everything that is sacred. Stop killing"
1907851744589070587,"@kylekuzma In this world, we support the killers of children and women, the thieves of the land. The people of Gaza are being killed and exterminated, and America supports the massacres. I speak to you in the name of humanity, for the sake of everything that is sacred. Stop killing"
1907851652134220202,"@Lakers In this world, we support the killers of children and women, the thieves of the land. The people of Gaza are being killed and exterminated, and America supports the massacres. I speak to you in the name of humanity, for the sake of everything that is sacred. Stop killing"
1907851602871959570,"@boardroom @KDTrey5 @QuavoStuntin In this world, we support the killers of children and women, the thieves of the land. The people of Gaza are being killed and exterminated, and America supports the massacres. I speak to you in the name of humanity, for the sake of everything that is sacred. Stop killing"
1907851520986521871,"@KingJames @carmeloanthony In this world, we support the killers of children and women, the thieves of the land. The people of Gaza are being killed and exterminated, and America supports the massacres. I speak to you in the name of humanity, for the sake of everything that is sacred. Stop killing"
1907851402052804723,"English Translation: The number of stitches on the child's face is twice the length of the video, their burden is 100 times greater than that of an adult, and the probability of being killed at any moment is 1000 times greater than our children!!!

Gaza is Dying … https://t.co/lhMyKzApyn"
1907851324982460645,"@JuttaUrpilainen In this world, we support the killers of children and women, the thieves of the land. The people of Gaza are being killed and exterminated, and America supports the massacres. I speak to you in the name of humanity, for the sake of everything that is sacred. Stop killing"
1907851115430809717,"@hitRECordJoe In this world, we support the killers of children and women, the thieves of the land. The people of Gaza are being killed and exterminated, and America supports the massacres. I speak to you in the name of humanity, for the sake of everything that is sacred. Stop killing"
1907851028357087335,"@LeoDiCaprio @RegenerationVC In this world, we support the killers of children and women, the thieves of the land. The people of Gaza are being killed and exterminated, and America supports the massacres. I speak to you in the name of humanity, for the sake of everything that is sacred. Stop killing"
1907850784529686629,"@SergioRamos @Rayados @WeAreRayados In this world, we support the killers of children and women, the thieves of the land. The people of Gaza are being killed and exterminated, and America supports the massacres. I speak to you in the name of humanity, for the sake of everything that is sacred. Stop killing"
1907850667106119973,"@Cristiano @AlNassrFC @AlNassrFC_EN In this world, we support the killers of children and women, the thieves of the land. The people of Gaza are being killed and exterminated, and America supports the massacres. I speak to you in the name of humanity, for the sake of everything that is sacred. Stop killing"
1907850166633197639,"🚨 Israel bombs 3 Gaza schools sheltering displaced families—dozens killed, mostly children, women, elderly. + 100 Palestinians killed across Gaza today, 58 in Gaza City. Survivors dig with bare hands. Death toll surpasses 61,700. 

This is not war. 
This is GENOCIDE. https://t.co/lerrxFPzwY"
1907849724515737902,"Israel killed 106 Palestinians today, including the bombing of a school where 30 children were killed &amp; 100 wounded.

On the other hand, always on the same day today, the US carried out 36 air attacks on Yemen in support of Israel's crimes against humanity and war crimes in Gaza."
1907849535130661341,".@SenSanders following up on his promise to bring votes to the floor that would block additional arms sales to Israel - specifically 2,800 500-pound bombs - as we face the reality that just this week at least 300 more children were killed in Gaza. https://t.co/eNJD6wRCFB"
1907849198436823295,"@Quasar933 @Saul_Sadka @EylonALevy Based on UN and UNICEF reports, the Israeli military likely killed the most children in recent years, with over 14,500 deaths in Gaza in 2024. This exceeds figures from other conflicts like Ukraine, where child deaths rose 40%–57% in 2024 but total far less. Data is debated, with"
1907849053032849828,"There is currently no way of knowing the true extent of how many Palestinians children have been killed in Gaza by Israel, but one was too many  #FreePalestine https://t.co/9xQZ6VEMpR"
1907848973643051025,"@BeckettUnite The Netanyahu government has killed 50,000 people in Gaza &amp; wounded 112,000. 

Two weeks ago, they broke the ceasefire and have since killed 322 children &amp; wounded 600. 

The US must end its complicity."
1907848628527378834,"@academic_la While Israel is raping and torturing innocent Palestinians to death.. Israel is also carpet bombing Gaza. Since dawn, Israel killed over 100 Palestinians.m.. Many children in a school! 

https://t.co/3jxDNVjKep"
1907848271113879699,"Israeli terrorist military bombed a school in Gaza 
More than 60 civilians killed most of them women and children 
 https://t.co/hq2x8EuFXK"
1907848068461908282,"🔴 Civil Defense: 31 civilians killed by US backed-lsraeli thugs , including children and women, including 6 missing, and dozens wounded as a result of the Israeli bombing of Dar Al-Arqam School in the Al-Tuffah neighborhood, northeast of Gaza City. https://t.co/mUvMkJCPuU"
1907847727704154352,"The Israeli occupation forces bombed Dar Al Arqam school in Gaza city massacring women and children. At least 30 people reported to be killed and more than 100 injured.

The bombing and genocide continues with hundreds being killed and wounded every single day across Gaza. https://t.co/vBAQRzK2Xo"
1907846823202390277,"@Quasar933 @vikingwarior20 Based on recent UN reports, the Israeli military likely killed the most children in recent years, with 13,000–14,500 deaths in Gaza in 2024. This surpasses other conflicts, like Russia’s in Ukraine, where child fatalities rose 40%–57% from 2023, though exact numbers remain https://t.co/GdH2PQhpBs"
1907846679635890560,@Mumofone2009 @dn_osama_rabee Yes. And no more Israeli  children have been slaughtered: Over 20k children in Gaza have been murdered and it continues. The Bibas kids were killed by Israel. They will kill all the babies regardless of race if it makes them look good
1907846606457552939,"@realDonaldTrump Biden was ashamed when Netanyahu killed Gaza children, and Trump felt happy as if he were a child vampire."
1907846363808772255,"Israel is burning people alive in Gaza. 19 Palestinians were killed, including 9 children. 

You can hear the cries of displaced 
Palestinians sheltered inside an UNRWA clinic. https://t.co/m7wolkvz2X"
1907846296611783119,"@ne0n_black @AssalRad Children that IDF killed and were given back in coffins not like the 80 dead bodies Israel dumped from a truck in Gaza in plastic bags. 
Now you get to choose how dead bodies should be treated the Israeli way or the Hamas way https://t.co/gXyy1p1jmc"
1907845706385174831,@Euge74356 @ricwe123 What the children that have been killed in Gaza so far and the children US killed in Iraq? Or to you killing depends on who's doing the killing and who's getting kill?
1907844540863578331,100 civilian Palestinians including many children were killed today by the Israeli air strikes and bombardment of Gaza. https://t.co/aeLhJvyrbA
1907844522920620467,"@plonialmon @DonDelegimo @MaxNordau @enneauro Do you concede that this is a child killed by an airstrike? Or are you going to continue dehumaninzing the children killed by Israel?

https://t.co/XzVkkuI3mA"
1907844386538295452,100 civilian Palestinians including many children were killed today by the Israeli air strikes and bombardment of Gaza. https://t.co/DxHt6EbEqL
1907844132883620207,"@LBC @LBC when are you going to talk about the over 100 Palestinians killed by Israel today? A school sheltering displaced families was targeted today killing dozens of women and children 

No western media including the tax payer funded @BBCNews is covering it

#Gaza #Palestine https://t.co/44BQRjo8yL"
1907843622097080439,100 civilian Palestinians including many children were killed today by the Israeli air strikes and bombardment of Gaza. https://t.co/ZM8SAdjeCM
1907843489314050421,100 civilian Palestinians including many children were killed today by the Israeli air strikes and bombardment of Gaza. https://t.co/rgYvTYURhb
1907843451703406726,100 civilian Palestinians including many children were killed today by the Israeli air strikes and bombardment of Gaza. https://t.co/zyPzS8svnq
1907843423702483379,100 civilian Palestinians including many children were killed today by the Israeli air strikes and bombardment of Gaza. https://t.co/Asq1dVjQra
1907843416400224493,Evacuation of children KILLED in Israeli bombing of Dar al Arqam school in Gaza City! https://t.co/Q5wetLrkHl
1907843323261272561,100 civilian Palestinians including many children were killed today by the Israeli air strikes and bombardment of Gaza. https://t.co/EqOGGHw1ys
1907843221364908374,100 civilian Palestinians including many children were killed today by the Israeli air strikes and bombardment of Gaza. https://t.co/RxUZpaf8YL
1907843062425928065,"@JesseJa00920812 Israel killed #HindRajab with 350 American bullet , a body of six-year-old Palestinian girl has been found decomposing in the car  #Gaza City.  These bullets &amp; more deadly weapons killed over 20,000 children were sent by Biden &amp; Now Trump is sending more
https://t.co/g7e5mpSHxI"
1907842651434651667,"More than 39,000 Palestinian children in Gaza have had one or both parents killed since the start of Israel’s genocidal war, says the Palestinian Central Bureau of Statistics on the eve of Palestinian Children’s Day.

🔴 LIVE updates: https://t.co/XhkRUWCmGq https://t.co/Il70hQis7z"
1907842617196658949,"‼️Gaza Civil Defense spokesman:‼️

🔴What Gaza is experiencing is madness, and the remains of our children fill the Dar al-Arqam school, where 21 Palestinians were killed in an israeli airstrike on the school, which was sheltering displaced people in the al-Tuffah neighborhood"
1907842422572265819,@Byoussef Nothing is ok 💔💔💔 children are getting killed in Gaza everyday I cant stand it anymore 😭😭😭
1907842419594334321,"At least 21 killed in Israeli strike on Gaza school, mostly women, children, rescuers say https://t.co/tO7vDQYxZG"
1907841036321247675,"Reports of heavy Israeli strikes on Gaza City
 
A school sheltering displaced Palestinians was targeted w/ 30 people reported killed, Israel says Hamas operatives were inside but images of many dead / injured children

Before that 50+ Palestinians killed in strikes overnight https://t.co/xIfHRlChM2"
1907840941240590840,@BBCWorld At least 322 children killed by Israel whilst they continue to ignore international law and continue with their genocidal activities in Gaza.
1907840737405997302,"@duntduntaduh @WhiteHouse @POTUS Stop the Holocaust in Gaza.
Massacres every hour. Hundreds of children killed every hour.
Wake up.
Stop the extremism of Palestinians. https://t.co/Pj66YPNvuu"
1907840680774242591,"@JustAJaneJ @WhiteHouse @POTUS Stop the Holocaust in Gaza.
Massacres every hour. Hundreds of children killed every hour.
Wake up.
Stop the extremism of Palestinians. https://t.co/dxuA2IPo4N"
1907840675095122262,"@RT_com Release the hostages and evacuate Gaza, it's as simple as that.

This is the consequences of Palestinian atrocities on Oct 7th, make no mistake about it. Palestinians invaded Israel and killed 1,200 innocent children and elderly people, even babies and went on to kidnap 250"
1907840671198884170,"Not satisfied with the number of civilians, including children, they killed in a previous strike on a school shelter, IOF strikes again!
Anyone who condones this can rot in hell 🤬
https://t.co/0olKVV8ulf https://t.co/IbgN3FNIYY"
1907868468046946726,"@elonmusk Israel, which does not comply with the ceasefire, has blocked the entry of flour and fuel, leaving Gaza without bread.

#NoFlourinGaza https://t.co/cVvODBpSV0"
1907868413097136492,"@IvankaNews_ Israel, which does not comply with the ceasefire, has blocked the entry of flour and fuel, leaving Gaza without bread.

#NoFlourinGaza https://t.co/z4ULqLrAPh"
1907868294859907501,"@SecRubio Israel, which does not comply with the ceasefire, has blocked the entry of flour and fuel, leaving Gaza without bread.

#NoFlourinGaza https://t.co/Kxb95WAi5o"
1907868238332956979,"@BigImpactHumans Israel, which does not comply with the ceasefire, has blocked the entry of flour and fuel, leaving Gaza without bread.

#NoFlourinGaza https://t.co/1wso2c0Mxr"
1907868131957289327,"@livgolf_league Israel, which does not comply with the ceasefire, has blocked the entry of flour and fuel, leaving Gaza without bread.

#NoFlourinGaza https://t.co/vUJT15wpOu"
1907868070497931406,"@elonmusk Israel, which does not comply with the ceasefire, has blocked the entry of flour and fuel, leaving Gaza without bread.

#NoFlourinGaza https://t.co/wL4FCd1RFu"
1907867763856851256,"@MichelleObama @girlsalliance @MTGKilifi Israel, which does not comply with the ceasefire, has blocked the entry of flour and fuel, leaving Gaza without bread.

#NoFlourinGaza https://t.co/Em8g6p7qAA"
1907867658617323571,"@IvankaTrump Israel, which does not comply with the ceasefire, has blocked the entry of flour and fuel, leaving Gaza without bread.

#NoFlourinGaza https://t.co/skEjveM0zd"
1907867506112623055,"@zubirahmed Gentle reminder, your glorious Labour Party did everything it possibly could to NOT call for an immediate ceasefire in Gaza. https://t.co/BlPjyE473v"
1907867439569973436,"@Maraai777 @EGYOSINT because israelis are occupying zone D (philadelphi corridor) right now which is violation of the david camp accords🙃
https://t.co/cCzYIPrJX3"
1907867428815581449,"@BigImpactHumans Israel, which does not comply with the ceasefire, has blocked the entry of flour and fuel, leaving Gaza without bread.

#NoFlourinGaza https://t.co/uOvPdWcUqt"
1907867377540248021,"@RepBrandonGill @elonmusk @JudiciaryGOP Israel, which does not comply with the ceasefire, has blocked the entry of flour and fuel, leaving Gaza without bread.

#NoFlourinGaza https://t.co/CkDqrUSeLS"
1907867278080643387,"Macron is planning a trip to Egypt,  where he plans to visit near the Gaza border to demonstrate support for ceasefire https://t.co/bOFbGkzkak"
1907867243209207925,"@DGrayTexas45 @BircherTrustee @elonmusk Israel, which does not comply with the ceasefire, has blocked the entry of flour and fuel, leaving Gaza without bread.

#NoFlourinGaza https://t.co/UTk91yB8Hf"
1907867084492615785,"@KnowThyFulcrum @TheMattPresti @71Nous @ClassicalAegis Israel, which does not comply with the ceasefire, has blocked the entry of flour and fuel, leaving Gaza without bread.

#NoFlourinGaza https://t.co/mCoI9ro87u"
1907866962673152439,"@CherylWroteIt @jaygwaltney1 @POTUS @mihaschw Israel, which does not comply with the ceasefire, has blocked the entry of flour and fuel, leaving Gaza without bread.

#NoFlourinGaza https://t.co/ejxXiZESjJ"
1907866917999685922,"Israel, which does not comply with the ceasefire, has blocked the entry of flour and fuel, leaving Gaza without bread.

#NoFlourinGaza https://t.co/f2MgQndn94"
1907866823426715812,"@GolfDigest @Lwillow_86 Israel, which does not comply with the ceasefire, has blocked the entry of flour and fuel, leaving Gaza without bread.

#NoFlourinGaza https://t.co/tUp6T6SfsL"
1907866706300555438,"Israel, which does not comply with the ceasefire, has blocked the entry of flour and fuel, leaving Gaza without bread
#NoFlourinGaza"
1907866649975206320,"@SenJohnKennedy Israel, which does not comply with the ceasefire, has blocked the entry of flour and fuel, leaving Gaza without bread.

#NoFlourinGaza https://t.co/5DB3TogSBR"
1907866591582105629,"@realDonaldTrump Israel, which does not comply with the ceasefire, has blocked the entry of flour and fuel, leaving Gaza without bread.

#NoFlourinGaza https://t.co/7TugQSGlaN"
1907866527426064459,"@Tesla Israel, which does not comply with the ceasefire, has blocked the entry of flour and fuel, leaving Gaza without bread.

#NoFlourinGaza https://t.co/FAgKYVCiMx"
1907866425362194790,"@cb_doge @elonmusk Israel, which does not comply with the ceasefire, has blocked the entry of flour and fuel, leaving Gaza without bread.

#NoFlourinGaza https://t.co/QbmEbgBFVt"
1907866313231311140,"In Gaza’s Shujaiyye neighborhood, residents are forced to flee as Israeli airstrikes resume

- Since March 18, over 1,160 have been killed and 2,700 injured, shattering ceasefire and exchange deals https://t.co/sQrxd1Q3RP"
1907866276246270421,"Israel, which does not comply with the ceasefire, has blocked the entry of flour and fuel, leaving Gaza without bread.

#NoFlourinGaza https://t.co/wSiUfWFG7v"
1907866207455203714,"Israel, which does not comply with the ceasefire, has blocked the entry of flour and fuel, leaving Gaza without bread.

#NoFlourinGaza"
1907865373560447135,"Israel, which does not comply with the ceasefire, has blocked the entry of flour and fuel, leaving Gaza without bread.

#NoFlourinGaza
 #NoFlourinGaza"
1907865214583775574,"Hamas will not respond to Israel's counter Gaza ceasefire proposal, official says #Hamas #Israel #GazaStrip
https://t.co/plhLmGOc4k"
1907865046665015774,@AmiDar No I respect most of what you say but you keep drawing a false equivalence. The Israelis have made their intentions clear- to eliminate/ethnically cleanse the Palestinians from Gaza. It doesn’t matter what Hamas does or what happens to the hostages. There was a ceasefire plan
1907864832033862065,"Israel killed 1200 people since it broke the ceasefire in Gaza.

Medics killed in execution style. Father holding his beheaded baby girl. Children shredded to pieces. Grandmas  burnt alive. Men bulldozed alive. All this is ongoing for 18 months.

What. Does. It. Take"
1907864552860983638,"@Osint613 Paris looks worse than Gaza. 

Macron needs a ceasefire in his own country."
1907864192964813003,"@AssalRad - Get into 1st ceasefire
- fuck it up by not giving jewish hostages back
- get fucked up
- ask for new ceasefire
- wonder why your words are now not considered as worth taking into account

Israel should've leveled gaza and hamas w it in 2023"
1907863725232529850,"Israel, which does not comply with the ceasefire, has blocked the entry of flour and fuel, leaving Gaza without bread.

#NoFlourinGaza https://t.co/llo6Hh4SpX"
1907862743249543579,Israel has chosen military occupation over a ceasefire in Gaza. Where does this end?  https://t.co/zKqN4qzju0
1907862313891197410,@TheHistoryNov @SkyNews Israel never kept to the ceasefire in Gaza and Lebanon.
1907862207808872859,"Israel, which does not comply with the ceasefire, has blocked the entry of flour and fuel, leaving Gaza without bread.
#NoFlourinGaza"
1907861421725044866,"🔴 Sanders: Netanyahu's government has violated the ceasefire in #Gaza.

#GazaWar
#Q_News https://t.co/okcJMp0zji"
1907861381656768778,"@CENTCOM -MI.7-
Although Houthi attacks stopped after a ceasefire was imposed in Gaza in mid-January, hostilities resumed in early March when the rebels announced their intention to target Israeli vessels in the Red Sea and subsequently renewed rocket strikes on targets within Israel. https://t.co/GP2kZteK4t"
1907860970220949547,"Macron's visit near Gaza to push for ceasefire is a significant move. It's crucial to see leaders actively supporting peace efforts in such troubled regions.

Source: https://t.co/aUV0ejcMS5"
1907860932870709400,Gaza ceasefire talks 'collapse' after Israel rejects all proposals: Report https://t.co/24FDkfnbWI
1907860666796425375,"Israel, which does not comply with the ceasefire, has blocked the entry of flour and fuel, leaving Gaza without bread.

#NoFlourinGaza https://t.co/oQHdDPr6s7"
1907860595220906212,"Israel, which did not comply with the ceasefire, blocked the entry of flour and fuel, leaving Gaza without bread.

#NoFlourinGaza
 https://t.co/0xyyUdMGGr"
1907860167758147584,"Israel, which does not comply with the ceasefire, has blocked the entry of flour and fuel, leaving Gaza without bread.
#NoFlourinGaza https://t.co/OyZECRjfbw"
1907859919165862277,"#NoFlourinGaza

Israel, which does not comply with the ceasefire, has blocked the entry of flour and fuel, leaving Gaza without bread. https://t.co/mILGsLe4ju"
1907859680153493671,"Israel, which does not comply with the ceasefire, has blocked the entry of flour and fuel, leaving Gaza without bread.

#NoFlourinGaza https://t.co/bMDZMwAYqy"
1907859571894518053,"Supposedly well-informed 'researchers' who quack on about a ""political process to end the conflict"" in Gaza and a ""reconciliation process between Hamas and the Palestinian Authority,"" as though they knew nothing whatsoever about Hamas. Fuck 'em.
https://t.co/FCCE9HKg4i"
1907859560255156246,"Israel, which does not comply with the ceasefire, has blocked the entry of flour and fuel, leaving Gaza without bread.

#NoFlourinGaza https://t.co/ZTqBNp4afm"
1907859316519870577,"Gaza: One month since the Israeli aid blockade &amp; the collapse of the ceasefire, over a thousand people have been killed.

The humanitarian crisis is spiraling out of control. https://t.co/iLu6z6v1h4"
1907858974398894136,"Israel, which does not comply with the ceasefire, has blocked the entry of flour and fuel, leaving Gaza without bread.

#NoFlourinGaza https://t.co/doP9zg57lj"
1907858654180553075,Egypt working to restore Israel-Hamas ceasefire and end #Gaza war: FM Abdelatty to Austrian counterpart https://t.co/cItUzBzYNv
1907857979048632684,"Israel, which did not comply with the ceasefire, has left Gaza without bread by blocking the entry of flour and fuel.

#NoFlourinGaza https://t.co/SQk7UXDvkO"
1907857541536821306,"Israel, which does not comply with the ceasefire, has blocked the entry of flour and fuel, leaving Gaza without bread.

#NoFlourinGaza https://t.co/u1bXCGZJVq"
1907857467398033426,"@DeptofDefense @CENTCOM Americans DO NOT want another bloody and costly Mideast war. 
The Houthis began acting up when Netanyahu began killing civilians in Gaza. They stopped during the ceasefire till Netanyahu violated the ceasefire.
If we stop giving Netanyahu bombs, the Houthis stop shooting at ships"
1907857435181666671,"Israel, which does not comply with the ceasefire, has blocked the entry of flour and fuel, leaving Gaza without bread.

#NoFlourinGaza https://t.co/ow4ZZxBKzN"
1907857181111619781,"Israel, which does not comply with the ceasefire, has blocked the entry of flour and fuel, leaving Gaza without bread.

#NoFlourinGaza https://t.co/SkWrsWxJmk"
1907856877125345685,"Israel, which does not comply with the ceasefire, has blocked the entry of flour and fuel, leaving Gaza without bread.

#NoFlourinGaza https://t.co/jal3AMgb0H"
1907856137736597913,"Macron, while on Egypt visit, to go near Gaza border to express support for a ceasefire — Elysee
Source: RT https://t.co/SjpnBPuJXt"
1907855745304899915,@CentristMadness @a450274 @benigma2017 Israel never agreed to a ceasefire once they learned that a ceasefire would mean they have to stop bombing Gaza. Hamas agreed to release ALL the hostages and Israel told them to fuck off because it was never about the hostages
1907855652954710044,"As Gaza ceasefire talks waver, the Trump administration can leverage FMS to compel Qatar to pressure its Hamas clients to release the remaining hostages and sever all political and financial ties to the Palestinian terrorist group. More from @NatalieEcanow:https://t.co/qXadsJ2dw9"
1907854746414911671,"Trump wants a ceasefire in Ukr saying he can’t bear seeing young men slaughtered but continues backing Nethanyahu’s genocide in Gaza where men, women and children are fair game for US bombs and planes. What are we to make of such a man?"
1907854248802451534,"Macron, while on Egypt visit, to go near Gaza border to express support for a ceasefire — Elysee https://t.co/vkO5k5ic0M"
1907853982023733284,"Jordan’s King Abdullah calls for a renewed ceasefire in Gaza during visit to Berlin.
The National News https://t.co/fg4EK3N3Hb"
1907853200436179060,"@redstreamnet The “Morag corridor,” referred to by Netanyahu as the “second Philadelphi corridor,” follows the original Philadelphi corridor that separates Gaza from Egypt, from which Israel was supposed to withdraw under January’s ceasefire terms.
2/5"
1907853091342540864,"@koffeeTalkss One of my tweets from the time when the Gaza ceasefire was announced.... 

https://t.co/UMbxSWcvL0"
1907853011961131481,@QudsNen Gaza school attacks horrific. Ceasefire urgent.
1907852725078855709,"@guardian @guardiannews 

Wrong!    

Israel has chosen genocide and the sooner you start being honest about it the better.

https://t.co/JokkEdDGsN"
1907852169832812549,"Macron to visit Gaza border in 2025, support ceasefire efforts and humanitarian aid for Israel-Gaza conflict, according to Élysée Palace statement. Aligns with his ongoing advocacy for de-escalation in the region."
1907851975007363165,Jordan’s King Abdullah calls for a renewed ceasefire in Gaza during visit to Berlin https://t.co/53Cy3L7bzX
1907851920351310329,"🚨 In Gaza’s Shujaiyye neighborhood, residents are forced to flee as Israeli airstrikes resume

◾️ Since March 18, over 1,160 have been killed and 2,700 injured, shattering ceasefire and exchange deals

◾️ Over 50,500 Palestinians have died since Oct. '23 https://t.co/5fFlnhLCB5"
1907851778403750196,"Israel has chosen military occupation over a ceasefire in Gaza. Where does this end? | Sanam Vakil 
Source: The Guardian https://t.co/PigOU94DbV"
1907851446353088775,Egypt working to restore Israel-Hamas ceasefire and end Gaza war: FM Abdelatty to Austrian counterpart https://t.co/cItUzBzYNv
1907850817480139191,"Macron is planning a trip to Egypt, where he plans to visit near the Gaza border to demonstrate support for a ceasefire. https://t.co/dlYMJPIxDn"
1907850302641832307,@World_Affairs11 😆😆😆 Iran says US supporting Israel killing thousands of innocent children in Gaza breaking ceasefire attacking Lebanon and Gaza 💣 Syria taking over their land is the violation of international law
1907849595826110930,"#IsraelPalestineWar: #France's President Emmanuel Macron will use an Egypt visit next week to travel near the #Gaza Strip, going to the Egyptian town of Arish, the Elysee Palace said on Thursday.

https://t.co/SzgelHpq1P"
1907849390137516510,"Hamas has rejected Israel’s recent counter-offer concerning a truce in Gaza, instead reaffirming its commitment to a proposal developed with mediation by Egypt and Qatar, an official from the terrorist group told Reuters on Wednesday. https://t.co/0nbr83aYlB"
1907848973643051025,"@BeckettUnite The Netanyahu government has killed 50,000 people in Gaza &amp; wounded 112,000. 

Two weeks ago, they broke the ceasefire and have since killed 322 children &amp; wounded 600. 

The US must end its complicity."
1907848325623144531,"@CentristMadness @benigma2017 @ManilTrivedi Now you’re being dishonest. Hamas has been negotiating honestly, while netenyahu is widely known to have been sabotaging deals.

You dont recall Israel violating the deal 1k+ times, not moving to phase 2?

https://t.co/NXy5BlRScA

https://t.co/KEAo4JYr8Q

https://t.co/aA7oR9ot7i https://t.co/djIAEl4lVF"
1907848165618864341,@SecRubio @FLOTUS You care about the hostages so much you let the Gaza Butcher break the ceasefire Trump was largely credited for…..
1907848090360353060,"Meanwhile, Israel has killed over 1,000 people in Gaza since breaking the ""ceasefire,"" and recently announced plans to expand its occupation in the strip. 

On top of that, it's been a month since Israel allowed any aid to enter the territory. Palestinians are tired and starving."
1907846754839453809,"The Gaza ceasefire is all but dead as Israel moves towards military occupation and stalls the next stage against the protests of hostage families. Israel is facing a decade of jeopardy ahead and the Palestinians are in despair. And so it goes on.
https://t.co/7vhRkxRxSt https://t.co/M4R2NlLrn6"
1907846094198886905,"@DanCrenshawTX Hey, Dan! Did you forget Israel controls EVERYTHING that comes into and out of Gaza? Just like they broke the recent ceasefire by stopping all food/water/aid to &gt;2 million people, half of which are children.

Fuck off."
1907845840988942831,"BREAKING - Macron, on Egypt visit, to go near Gaza to show support for ceasefire: Elysee https://t.co/8TpFLnYyXT https://t.co/O7dE9ALymz"
1907845790598574413,"#UPDATE: @EmmanuelMacron, on visit to #Egypt, to go near #Gaza to show support for #ceasefire - Elysee statement #Israel #Palestine #Hamas https://t.co/PkZakFZ2do https://t.co/e1eD1k183m"
1907845748357570887,".@SanamVakil: ""By focusing on eradicating Hamas and refusing to deal with it politically, #Israel has clear ambitions of reordering the fractured Palestinian leadership."" https://t.co/jgHGp7iJiH"
1907843755690123747,"NO MORE HARM TO CHILDREN
NO MORE KILLING
CEASEFIRE NOW
#Gaza #Gaza_Genocide #GazaHolocaust #GazaMassacre #PalestineGenocide #Famine_in_Gaza https://t.co/zIC0jYJg96"
1907843463166799947,"No children should go through this

NO MORE HARM TO CHILDREN
NO MORE KILLING
CEASEFIRE NOW
#Gaza #Gaza_Genocide #GazaHolocaust #GazaMassacre #PalestineGenocide #Famine_in_Gaza https://t.co/sjAgyR8IDG"
1907843170722865563,"#BREAKING Macron, on Egypt visit, to go near Gaza to show support for ceasefire: Elysee https://t.co/KdkZ4MGARl"
1907843039604691308,"@petenathan3 @ArtCrunchy You misunderstood.
They want what was earlier agreed, a permanent ceasefire &amp; the withdrawal of Israeli troops from Gaza &amp; the hostages will be released."
1907843023360184736,"“BuT sUm UvV tHoAsE wUrN’t LoNg-LaStInG aNd MaDe ThInGs WoRsE,” RatshitBrains might say.

Oh, but *bombs and war somehow DO make lasting, constructive change*? Fucking idiot.

The Gaza ceasefire was not completely, sufficiently violated until March 2024."
1907842850378682792,"Macron, on Egypt visit, to go near Gaza to show support for ceasefire: Elysee"
1907842768724177156,"NO MORE HARM TO CHILDREN
NO MORE KILLING
CEASEFIRE NOW
#Gaza #Gaza_Genocide #GazaHolocaust #GazaMassacre #PalestineGenocide #Famine_in_Gaza https://t.co/BjMjfRz6NO"
1907842756304842926,"Israel says it will escalate its campaign against Hamas in Gaza until it agrees to revised ceasefire terms, with the defense minister vowing to seize “large areas” of the Strip."
1907842604131053685,"Macron, on Egypt visit, to go near Gaza to show support for ceasefire: Elysee"
1907840882348634118,"NO MORE HARM TO CHILDREN
NO MORE KILLING
CEASEFIRE NOW
#Gaza #Gaza_Genocide #GazaHolocaust #GazaMassacre #PalestineGenocide #Famine_in_Gaza https://t.co/4jIDtocVur"
1907840736281952641,"Babies were beheaded by Israel

NO MORE HARM TO CHILDREN
NO MORE KILLING
CEASEFIRE NOW
#Gaza #Gaza_Genocide #GazaHolocaust #GazaMassacre #PalestineGenocide #Famine_in_Gaza https://t.co/fUXNmni4Cu"
1907840708721127823,@SenSanders Gaza broke the ceasefire by not releasing the hostages.
1907840665599476125,"After the Israeli military broke the ceasefire and resumed heavy airstrikes and bombings on the entirety of the Gaza Strip on March 18, I reached out to a handful of friends and colleagues working in healthcare in Gaza. They didn’t have the words, nor the language to articulate"
1907840524456763472,"While Israel maintains that it does not seek permanent governance over Gaza, its operations indicate a significant shift toward long-term control over security in the territory, writes @SanamVakil (@CH_MENAP) for @guardian.
https://t.co/M8LpioJtqM"
1907840290569990245,"NO MORE HARM TO CHILDREN
NO MORE KILLING
CEASEFIRE NOW
#Gaza #Gaza_Genocide #GazaHolocaust #GazaMassacre #PalestineGenocide #Famine_in_Gaza https://t.co/xQqgXaPufF"
1907840045228171650,https://t.co/pVJ0JoUKei Israel has chosen military occupation over a ceasefire in Gaza. Where does this end? | Sanam Vakil
1907873153180905979,@CostOfLies33 @Melaniebelizi What “future”? Israel gave them industry and a chance to build Gaza into a paradise. Instead they spent billions on terror tunnels and bombing Israel. They never even built sewage facilities. Their kids play in filth by their own doing.
1907871874316398919,"@SkyPoliticsHub @SkyNews @SophyRidgeSky BTW 20, 000 children died in Gaza since Israel started bombing them I consider this terrorism. Against children."
1907871442554737123,"@SenateDems @GOPSenate PLEASE DO NOT SUPPORT NETANYAHU.  BLOCK U.S. MILITARY SALES TO ISRAEL
@SenatorRisch Stop Israel bombing &amp; slaughtering innocent civilians in #Gaza GAZA #Palestine
#StopArmingIsrael #FreePalestine
@SenatorShaheen @SenatorHassan @SenatorCollins @SenMcConnell https://t.co/cuHFRVrzbm"
1907871196240359821,"@oxychaos @EricMFriel @JMining48710 @TheCradleMedia @ICC @CIJ_ICJ @UN So it’s fine if someone destroys Israel’s airports because they’ve been bombing civilians in Gaza, right?"
1907870772179165687,"⚠️sensitive content⚠️
@GOPSenate PLEASE DO NOT SUPPORT NETANYAHU.  BLOCK U.S. MILITARY SALES TO ISRAEL
@SenatorRisch Stop Israel bombing &amp; slaughtering innocent civilians in #Gaza
#StopArmingIsrael #FreePalestine
@SenatorShaheen @SenatorHassan @SenatorCollins @SenMcConnell"
1907870492700332512,"Israel has killed more than 750 people in just a few days, Israel is bombing Syria, Israel is bombing Lebanon all at the same time &amp; literally no country is stopping it, what the hell the international community is?What's the use of them when they can't stop a tiny nation.
#Gaza"
1907870491991306399,@Gina37981899 @ChaiLife613 @Talksense2day That’s a load of bullshit. It’s Israel’s responsibility to protect the civilian population when bombing Gaza. There no law that says that Hamas is not allowed to fight in tunnels. That doesn’t give Israel the right to murder children.
1907870241545191722,We're not the ones bombing gaza protesting in the wrong place go to Israel..... https://t.co/UY99Tf3gOI
1907869114766602311,"The child-killing Zionist regime, under the complicity of so-called human rights advocates, has committed yet another atrocity by bombing another clinic. Listen to the cries of the children suffering in this hell.

#Gaza
#Israel
#Arabia 
#غزة_تحت_القصف https://t.co/vRmVLdhzzr"
1907868689866830210,"⚠️sensitive content⚠️ @GOPSenate PLEASE DO NOT SUPPORT NETANYAHU.  BLOCK U.S. MILITARY SALES TO (ISRAEL) NETANYAHU
@SenatorRisch You obviously have not watched film of Israel bombing and slaughtering innocent civilians in Gaza https://t.co/prKrl4dV9a"
1907868549227622421,"@fredforthemets @TreyYingst It's not about the hostages. Israel is indiscriminately bombing civillian areas and cutting off food, water and electricity from Gaza, which also means that the hostages are at risk. But yea, let them keep killing children"
1907865573389697128,"@wiggeristan @MaxNordau The way the child is held in the video looks unusual because it’s likely staged or manipulated, not a real event from the April 2, 2025, Gaza bombing. No verified reports confirm a beheaded baby, and past similar claims in the Israel-Hamas conflict have been debunked as"
1907865382422987149,@AbujomaaGaza Its surprising that Israel didnt complete their carpet bombing program of Gaza at the outset of this war.
1907865317004505423,"An Israeli bombing of a school turned shelter in Gaza has killed at least 27 people, and hundreds of thousands in Rafah  are fleeing in one of the biggest mass displacements of the war amid Israel’s newly announced campaign to “divide up” the Gaza Strip. https://t.co/E50p0xBFb0"
1907864880729759973,"Israeli airstrikes hit a school sheltering displaced Palestinians in Gaza, killing 18 children. UN warns of a “war without limits” as Gaza’s death toll surpasses 50,000.
https://t.co/lXgEpZFhmb"
1907864736714076585,"@netanyahu @PM_ViktorOrban A woman from Gaza city is talking about being displaced  ten times  I am watching the news at 7.00 and seeing scenes of unimaginable horror as parents carry their dead children after Israels latest bombing rage
Without the creation of Israel Palestine would have known peace"
1907864570288549899,"BREAKING: Israel attacks Gaza school shelter again after dozens of Palestinians killed in initial aerial bombing 

#StopGenocideInGaza 🇵🇸
https://t.co/mSMhmdW08O https://t.co/qvjf77TO3u"
1907860986377142388,"@gazanotice The recent incident at Dar Al-Arqam school in Al-Tuffah neighborhood, northeast Gaza City, where Palestinians were reportedly killed and civilians injured due to Israeli warplanes bombing the area, highlights the ongoing challenges Israel faces in dealing with Hamas."
1907860851354218829,"@DeptofDefense @CENTCOM @DOGE I’d like to report waste. We’re spending millions bombing the Houthis when we could force Israel to stop their war crimes and allow food and water into Gaza by simply refusing to continue giving them free money. There would be savings all around, in lives and money"
1907860152843157934,"@VictorysMesnger @mordecai_atlas @ErnstExumeJr @cherishInmadrid @GarbageHuman24 Tikkun Olam means ""repairing the world"" in Jewish tradition, focusing on kindness and justice, not domination. Your claim lacks evidence and echoes fringe conspiracies. On bombing and aid, Israel's actions in Gaza, like blocking aid in March 2025, are criticized as violating"
1907859978716852666,"Israel continues massive bombing of residential areas in Gaza Strip.
Middle East  channels sadly note that Israeli airstrikes on the Gaza Strip have ceased to be covered by international media. https://t.co/yhFERPCKDg"
1907859298610446446,"@SecScottBessent @USTreasury #IsraelIsATerroristState‌.
#StopGenocideInGaza.

BREAKING: Israel attacks Gaza school shelter again after dozens of Palestinians killed in initial aerial bombing https://t.co/mSMhmdW08O https://t.co/Sqwfyo8Hmh"
1907859189092987206,"BREAKING   
Israel has committed a new massacre today by bombing Dar Al-Arqam School, which was sheltering displaced families, killing at least 29 and injuring hundreds in Al-Tuffah neighborhood, east of Gaza City. https://t.co/v4vyr4eEXL"
1907858559498350902,"If you are more outraged with @MayorofLondon @SadiqKhan showing compassion to the tens of thousands of people killed in Gaza than you are by @Israel @IDF starving, bombing and displacing millions indefinitely.

You are not a a moral human being @JewishChron @jonsac @JakeWSimons"
1907858474589106369,@SenPeterWelch BREAKING: Israel attacks Gaza school shelter again after dozens of Palestinians killed in initial aerial bombing https://t.co/mSMhmdW08O https://t.co/qctXgkJjWX
1907857981632590071,@PM_ViktorOrban @IntlCrimCourt @netanyahu BREAKING: Israel attacks Gaza school shelter again after dozens of Palestinians killed in initial aerial bombing https://t.co/mSMhmdW08O https://t.co/dwVXqrWCcF
1907857873050460555,"We are watching the last stages of this genocide, with Israel burning people alive and bombing what little infrastructure is left to make sure no one survives or stays in Gaza. 

And our media and politicians have decided to act like this is a completely normal thing to happen. https://t.co/IZw7IccBEs"
1907857105677332832,@US2EU @SecRubio @POTUS @USNATO @StateDept @NATO BREAKING: Israel attacks Gaza school shelter again after dozens of Palestinians killed in initial aerial bombing https://t.co/mSMhmdW08O https://t.co/CkLRuOGRnO
1907856503211700338,"@Zimmlaw175 There was an agreement. Israel ignored it and started bombing Gaza again. 

What makes you think Palestinians would want to make another one?"
1907856403173355805,@SecRubio BREAKING: Israel attacks Gaza school shelter again after dozens of Palestinians killed in initial aerial bombing https://t.co/mSMhmdW08O https://t.co/68dlqIE9wC
1907856021969858596,"BREAKING: @Israel attacks Gaza school shelter again after dozens of Palestinians killed in initial aerial bombing https://t.co/mSMhmdW08O

@CIJ_ICJ @antonioguterres @CIJ_ICJ @amnesty https://t.co/MK323KZh5q"
1907855745304899915,@CentristMadness @a450274 @benigma2017 Israel never agreed to a ceasefire once they learned that a ceasefire would mean they have to stop bombing Gaza. Hamas agreed to release ALL the hostages and Israel told them to fuck off because it was never about the hostages
1907855587477524858,"@Keir_Starmer Talking of bombing. We remember Manchester Arena bombing well.🌹 

FYI There’s a genocide going on in NOW #Gaza #Palestine 🇵🇸 AND WE ARE WATCHING IT LIVE ‼️ 🎦 🩸 

Do you care ENOUGH to STOP DELIVERING &amp; ARMING EVIL ISRAEL 🇮🇱 TO COMMIT MORE WAR CRIMES🩸AROUND THE CLOCK? https://t.co/tpZUUkjSK0"
1907854707004977453,@AbujomaaGaza so why do muslims betray each other and why are they passive in Arab countries when Israel is bombing Gaza. Why dont they show solidarity?
1907854140258083022,"@colin_dunlap If you think that’s bad you should see how Israel “vandalizes” Gaza. It involves murdering thousands of children, killing more journalists than died in both world wars, bombing hospitals and refugee camps. No one cares about your fake outrage Colin. Genocide is a red line. 🤡"
1907853768428777514,"BREAKING: Israel attacks Gaza school shelter again after dozens of Palestinians killed in initial aerial bombing https://t.co/n1Ek1IKln9
#IsraelTerroristState"
1907853662921044371,Gaza Genocide 3rd April 2025: ISRAEL BOMBING UNARMED CIVILIANS THEY ARE STARVING TO DEATH IN GAZA https://t.co/Kh2lnf0xJw
1907853228840202571,‘Horrific and deeply disturbing’: Israel’s bombing of Gaza school https://t.co/RgYw3B6DAx via @AJEnglish
1907852974329606439,@ChaiLife613 This is not an “if” situation.  Israel is bombing actually everybody in Gaza and Hamas isnt bombing everybody in Israel. So what ya gonna do?
1907852308320280827,#Palestinian_photographer #Youssef_Hassouna was martyred in the #Israeli_occupation bombing of #Dar_Al-Arqam School in the Al-Tuffah neighborhood east of #Gaza City. #GazaGenocide #GazaHolocaust #Gaza_Now #BoycottUSA #GazaStarving‌‌ #GazaIsNotForSale #Israel_crimes #FreePalestine https://t.co/UYNbcqrQFa
1907851480456925231,"@EliseStefanik @realDonaldTrump Oh, look another Jewish bot! 
It’s funny how no one gives a crap when white males have been targeted for over a decade but suddenly when people say a Israel, stop bombing innocent children and Gaza, then you cry antisemitism, and the legislation quickly gets past…."
1907851374001533039,"🚨 Israeli occupation committed two massacres by bombing Dar Al-Arqam and Fahd Schools in Al-Tuffah, Gaza City, killing over 35 Palestinians, including 31 civilians sheltering in Dar Al-Arqam.

#Gaza #Israel #Trump #Palestine https://t.co/eb79vM8bQo"
1907851337892770248,"Shortly after issuing bombing threats targeting neighborhoods in eastern Gaza City, Israel escalated its attacks on civilians, committing massacres against Palestinians as they fled, killing dozens of civilians.

Israel committed two horrific massacres by targeting Dar Al-Arqam https://t.co/4wRpAInStm"
1907849724515737902,"Israel killed 106 Palestinians today, including the bombing of a school where 30 children were killed &amp; 100 wounded.

On the other hand, always on the same day today, the US carried out 36 air attacks on Yemen in support of Israel's crimes against humanity and war crimes in Gaza."
1907849196335435818,"@SecRubio @NATO Mr. Secretary, what about threatening Greenland that we will capture You, supporting Israel's Gaza genocide, bombing the people of Yemen and Lebanon, By giving existential threat to Iran, will the world be secure like this?"
1907848809188577677,"@dogeai_gov @RepLaLota Oh cool, so instead of wasting money rebuilding Gaza, you want to waste it bombing it for Israel instead. Peak efficiency."
1907848628527378834,"@academic_la While Israel is raping and torturing innocent Palestinians to death.. Israel is also carpet bombing Gaza. Since dawn, Israel killed over 100 Palestinians.m.. Many children in a school! 

https://t.co/3jxDNVjKep"
1907848564249690228,Heavy bombing and fire belts on the heads of innocent people in Gaza #Gaza #Israel #bbtvi #ซองแดงแต่งผีมุ่งสู่100ล้าน #WaqfBillAmendment #4ป่าช้า #WaqfAmendmentBill #เบคกี้กาล่า4ป่าช้า #عيد_الفطر_المبارك #LaCasaDeLosFamosoCol2 #jeddah #Trump https://t.co/93nn0WrYI4
1907846358628712849,BREAKING: Israel attacks Gaza school shelter again after dozens of Palestinians killed in initial aerial bombing
1907845572561617275,Israël is bombing and starving innocent children from #Gaza. Israel is committing a genocide. Don't let children die! Share and donate please! 🆘️🆘️🆘️🆘️👦👦👸👸👧👧🏚🏚🍲🍲🍲🍲🙏🙏🙏🙏🍲🍲🍲🍲🙏🙏🙏🙏🏚🏚👧👧👸👸👦👦🆘️🆘️🆘️🆘️🆘️🍲 https://t.co/1FiSOt4dDb
1907845551531364467,BREAKING: Israel attacks Gaza school shelter again after dozens of Palestinians killed in initial aerial bombing https://t.co/2FNm4F8BWJ https://t.co/9GGrABSH8J
1907845546586349970,"Breaking: Israel committed another massacre against displaced civilians by bombing Dar Al-Arqam School in Gaza City, killing 29 people, including 18 children. https://t.co/b2H4cwWL7Q"
1907845461131907282,BREAKING: Israel attacks Gaza school shelter again after dozens of Palestinians killed in initial aerial bombing https://t.co/Ioy0ffNP47 https://t.co/beVD0zjQnD
1907845337638908031,Israel is bombing several civilian areas in Gaza City https://t.co/8qdclEwmpo
1907844986239926647,"Israel is bombing schools in Gaza to save the hostages?

Israel is intentionally targeting the Civilians to kill as many individuals as possible without having any concern for children or women

#Gaza #GazaisDying #Netanyahu #GazaGenocide‌ #Hamas https://t.co/aahJ34SdRz"
1907844844409467384,"🚨 new scene from the insane Israel bombing of two shelter schools in the AlTuffah neighborhood east of Gaza City The massacre claimed the lives of approximately 150 martyrs and wounded, and the search for others is still ongoing #Stop_Genocide #Israel_Crimes https://t.co/AdZAwL7yNt"
1907843995255865593,"#Israel commits a massacre by bombing the ""Dar Al-Arqam"" school, which houses displaced people in the Al-Tuffah neighborhood of #Gaza City. https://t.co/dJebq1apqK"
1907843937920012363,"@PM_ViktorOrban @IntlCrimCourt @netanyahu Is bombing hospitals, refugee camps, schools and killing infants and attribute a democracy you're talking about???? ISRAEL IS COMMITING GENOCIDE IN GAZA"
1907843307289387426,"@EYakoby Complete lie, Israel refused to go into phase 2 or the agreement and get the hostages back. Instead they’re killing the hostages by bombing the shit out of Gaza"
1907842664159916095,"Happening now!!!
Israel is carpet bombing Gaza AGAIN!!!
😱🤬🇮🇱🤬🇮🇱🤬🇮🇱🤬🤬🤬🤬🤬 https://t.co/2JZQRbnLGj"
1907842200643285076,"🚨

Israel has committed a new massacre today by bombing Dar Al-Arqam School, which was sheltering displaced families, killing at least 29 and injuring hundreds in Al-Tuffah neighborhood, east of Gaza City. https://t.co/HWR2MUeI89"
1907841159025643776,"The first moments that followed the bombing of a home while the residents are fleeing from the Shejaeya neighborhood east of Gaza
#Gaza #GazaisDying #Israel #TrumpTariffs #Trump #tuprs #غزة #غزة_تُباد #غزة_تحت_القصف #فلسطين #إسرائيل #ترامب #سوريا #سوريا_الان #WaqfBillAmendment https://t.co/m3mbXUF6CP"
1907840157862015470,"Israel is still bombing Gaza right now. In the last 24 hours, 97 Palestinians were killed. Last night alone, 55 people were killed, including children and women. The total number of people killed since October 2023 is now more than 50,000. Most of them are civilians.

This is not"
1907840124525715640,"Oh my God 
Israel is carpet bombing #Gaza city 
#GazaGenocide‌ https://t.co/Uc6XNk0G78"
1907839392397308319,"Trump is deporting people for supposedly being ""pro-Hamas,"" but few people endorse that murderous military dictatorship. They are pro-civilian, opposed to Israel's bombing &amp;amp; starving of Palestinian civilians in Gaza, but Trump approves of those war crimes."
1907839221613609228,"Death stares us in the face in Gaza, the bombing doesn't stop, Israel wants to kill every Palestinian in Gaza."
1907837906611314717,@HuntersOfNazis @David_Khait Nigga what the fuck even is this? Nazis went to war with the soviets. America allied with the communists. Israel is carpet bombing Gaza because they believe Arabs are subhuman.
1907837677971337425,Israel is bombing the hell out of Gaza now! Protest and strike for Gaza! https://t.co/ui9D9TQzUJ
1907837534455185649,@CherylWroteIt Cheryl have you gone on any Israeli post. All they do is glorify the death of thousands of Gaza civilians. Sure many are evil but Israel is literally bombing children and you want sympathy?
1907837160293650737,"#Breaking || #Israel | #Palestine | #Gaza 

#إسرائيل #فلسطين | #غزة 

🚨 Belts of fire by IOF warplanes targeted eastern Gaza City, particularly Tuffah neighborhood, as relentless bombing of the area continues. 10 airstrikes targeted the area in rapid succession moments ago. https://t.co/pJHpdZS9Vx"
1907837041112494127,"#Breaking || #Israel | #Palestine | #Gaza 

#إسرائيل #فلسطين | #غزة 

🚨 Belts of fire by IOF warplanes targeted eastern Gaza City, particularly Tuffah neighborhood, as relentless bombing of the area continues. 10 airstrikes targeted the area in rapid succession moments ago. https://t.co/I1sbDHG0ao"
1907836867501785225,"#Breaking || #Israel | #Palestine | #Gaza 

#إسرائيل #فلسطين | #غزة 

🚨 Belts of fire by IOF warplanes targeted eastern Gaza City, particularly Tuffah neighborhood, as relentless bombing of the area continues. 10 airstrikes targeted the area in rapid succession moments ago. https://t.co/7IE5JNnRCe"
1907836730939478279,"#Breaking || #Israel | #Palestine | #Gaza 

#إسرائيل #فلسطين | #غزة 

🚨 Belts of fire by IOF warplanes targeted eastern Gaza City, particularly Tuffah neighborhood, as relentless bombing of the area continues. 10 airstrikes targeted the area in rapid succession moments ago. https://t.co/TPpgjZE9rn"
1907836392320733386,"⚡️BREAKING 

Israel has committed a new massacre today by bombing Dar Al-Arqam School, which was sheltering displaced families, killing at least 29 and injuring hundreds in Al-Tuffah neighborhood, east of Gaza City. https://t.co/TAMi7JLHoV"
1907835079587496121,Israel is continuously bombing #gaza City https://t.co/QDQg7iDnay
1907834959332606351,"@RyanRozbiani This is not war... this is pure, calculated genocide. Israel is butchering babies, bombing clinics, and massacring civilians in Gaza with impunity. No justification. No humanity. This is state terrorism, and the world’s silence is shameful. Every accomplice will be judged by"
1907834695422705805,"@warfareanalysis This is not war... this is pure, calculated genocide. Israel is butchering babies, bombing clinics, and massacring civilians in Gaza with impunity. No justification. No humanity. This is state terrorism, and the world’s silence is shameful. Every accomplice will be judged by"
1907834232832954464,"@ThinkItThroug17 @Asseraj @paulg Israel stops occupying, blockading, starving, bombing, displacing, entrapping Palestinians in Gaza (and the West Bank, while they're at it). At that point, there's no role for Hamas. Are you thick or just acting in bad faith?"
1907834135676072186,"🇵🇸💔🍉✊🇵🇸💔🍉✊🇵🇸💔🍉✊🇵🇸💔🍉✊
Latest massacre - a school used as a shelter
‘Horrific and deeply disturbing’: Israel’s bombing of Gaza school
Hani Mahmoud
Reporting from Gaza City, northern Gaza
I am extremely shocked by the footage presented to us from the bombing site. At"
1907833857170157765,"@ThinkItThroug17 @paulg A reasonable peace offer from Gaza? Simple: Israel stops occupying, blockading, bombing, starving, Palestinians in Gaza. What is it you don't understand about this?"
1907833324913262790,"@Sydney_Webb1 @AFpost This is what people said after Trump ""made"" Netanyahu make a peace deal with Gaza. Now the peace deal is off, we're bombing Yemen, and about to start a war with Iran. On top of that Trump has approved over 11 billion to send to Israel."
1907832423372443682,@MyLordBebo Israel is making Middle East and Europe less safe. Because of Israel's military actions literally millions of people will flee or have no home at all. In the past few days Israel has been (once again) bombing Syria and people forget Israel annexed 2x area of Gaza from the
1907832404175376836,"Oh, “democracies” cannot commit war crimes?
1. Israel isn’t a democracy in the occupied territory. It imposes apartheid there. 
2. Remember George W. Bush.
3. Open your eyes and look at Netanyahu’s bombing and starving of Palestinian civilians in Gaza."
1907830457904845143,"No more words, no more humanity.
‘Horrific and deeply disturbing’: Israel’s bombing of Gaza school https://t.co/kH0IvfxmNE via @AJEnglish"
1907830285187559826,"This morning #Israel killed 15 people in #Gaza and 9 in #Daraa in #Syria after bombing Hama, Homs &amp;amp; Damascus.
When will its crimes &amp;amp; impurity end?"
1907830034792067342,"@Sydney_Webb1 @AFpost We're literally bombing Yemen rn. The Houthis demand aid be let into Gaza, that's it. Like always, America is cleaning up Israel's atrocities."
1907829806353568009,@Midnight_JJ0 Now you're fan of deranged toxic Zionist loomer who was openly advocating for Israel bombing on Gaza...
1907827887530561676,"@bdawg9923 @Suada1976 @nukedwest You really want to have it both ways, I agree that there is no 1-1 comparison with Israel/Palestine in the Balkans, but you really have to ignore the settler reality in Kosovo and the fact that the same bombs being dropped on Gaza now were bombing FRY in support of KLA"
1907825071395107264,"Not only is Israel displacing people multiple times, it is also bombing them while they are fleeing. Earlier today in Shujaya, east of #Gaza City. The #genocide continues and the #world looks away https://t.co/gWWohRmThc"
1907822087013630051,"More than half of Gaza under evacuation orders. Kill zones. Israel bombing and killing men, women, children while forcing people into tiny areas. No food. Why is UK media refusing to report this atrocity and why is Keir Starmer arming it? https://t.co/pPkhsIaQ7l"
1907820478858727893,"killing he pple of gaza and bombing inncets to facialte you come by force displace makes you criminal israel regime and wont let you take an inch , you wont be exist even israel https://t.co/QbSSjmT8C4"
1907820279856070673,"@MZ03889993 @NielsenChrissi You stupid piece of subhuman trash. You elected a war criminal who's bombing people as we speak and threatening WAR against NATO countries. Plus Israel is STILL bombing Palestinians so Trump can march in, wipe them all out and build his Gaza-lago.

Go fuck yourself clown."
1907820261165920494,"@grok @warfareanalysis @grok then why west is supporting Israel in this genocide! What are the reasons they are not able to see the truth, all these bombing and killing in Gaza and west bank palestine!"
1907818999733215724,"Sure Wish she felt this way about bombing and starving Children in Gaza and Yemen, but she is Israel First and always will be. Stop following these Hypocrites https://t.co/UO2Bb3byeH"
1907818341546238008,"@Keir_Starmer We will never vote for a party that continues to turn a blind eye on violent crime, and continue to cooperate with Israel in bombing Gaza and Yemen's hospitals, infrastructure, and homes."
1907817953858404423,"Oh, “democracies” cannot commit war crimes?
1. Israel isn’t a democracy in the occupied territory. It imposes apartheid there. 
2. Remember George W. Bush.
3. Open your eyes and look at Netanyahu’s bombing and starving of Palestinian civilians in Gaza. https://t.co/ZNtqzUg4sx"
1907813083235401924,"⭕️ Funeral of 17 martyrs from the Shurab family, including children and women, after they were killed in a Zionist bombing in Khan Yunis, south of the Gaza Strip.
#Israel_Enemy_of_Humanity 
#StopGazaGenocide‌NOW https://t.co/KlMyB0Oshk https://t.co/AqnWuZAqYl"
1907812956357706059,"@Edlaff1 @afshinrattansi @georgegalloway Maybe Israel should stop bombing Gaza. Maybe they should stop murdering children, paramedics, women, journalists, doctors, nurses, aid workers, Israeli hostages etc... Just a thought....."
1907812885142647214,3rd April 2025: GAZA GENOCIDE: ISRAEL IS BOMBING STARVING CHILDREN &amp; THEIR FAMILIES IN TENTS https://t.co/DtrJ9r9tRR
1907812767249347048,"Hostages are only released when there’s a ceasefire — this is vital to releasing them from Hamas captivity.

If we believe Israel should stop bombing Gaza, we must stop arms to Israel.

And if we believe in a two-state solution, it's time to recognise Palestine.

My question"
